<?xml version="1.0"?>
<opencv_storage>
<CornersAmount>48</CornersAmount>
<Corner_0>
  352 404</Corner_0>
<Corner_1>
  334 403</Corner_1>
<Corner_2>
  317 403</Corner_2>
<Corner_3>
  299 402</Corner_3>
<Corner_4>
  282 402</Corner_4>
<Corner_5>
  265 402</Corner_5>
<Corner_6>
  248 400</Corner_6>
<Corner_7>
  230 400</Corner_7>
<Corner_8>
  351 393</Corner_8>
<Corner_9>
  334 393</Corner_9>
<Corner_10>
  318 393</Corner_10>
<Corner_11>
  300 392</Corner_11>
<Corner_12>
  283 391</Corner_12>
<Corner_13>
  267 391</Corner_13>
<Corner_14>
  250 391</Corner_14>
<Corner_15>
  233 390</Corner_15>
<Corner_16>
  350 384</Corner_16>
<Corner_17>
  333 385</Corner_17>
<Corner_18>
  317 384</Corner_18>
<Corner_19>
  301 384</Corner_19>
<Corner_20>
  284 384</Corner_20>
<Corner_21>
  268 383</Corner_21>
<Corner_22>
  252 383</Corner_22>
<Corner_23>
  236 381</Corner_23>
<Corner_24>
  349 375</Corner_24>
<Corner_25>
  333 374</Corner_25>
<Corner_26>
  316 374</Corner_26>
<Corner_27>
  301 374</Corner_27>
<Corner_28>
  285 373</Corner_28>
<Corner_29>
  270 373</Corner_29>
<Corner_30>
  254 372</Corner_30>
<Corner_31>
  237 372</Corner_31>
<Corner_32>
  349 365</Corner_32>
<Corner_33>
  332 365</Corner_33>
<Corner_34>
  317 366</Corner_34>
<Corner_35>
  301 364</Corner_35>
<Corner_36>
  286 364</Corner_36>
<Corner_37>
  270 364</Corner_37>
<Corner_38>
  256 364</Corner_38>
<Corner_39>
  240 364</Corner_39>
<Corner_40>
  348 358</Corner_40>
<Corner_41>
  332 357</Corner_41>
<Corner_42>
  317 357</Corner_42>
<Corner_43>
  302 357</Corner_43>
<Corner_44>
  286 356</Corner_44>
<Corner_45>
  271 356</Corner_45>
<Corner_46>
  257 356</Corner_46>
<Corner_47>
  241 355</Corner_47>
</opencv_storage>
