<?xml version="1.0"?>
<opencv_storage>
<CameraMatrix type_id="opencv-matrix">
  <rows>3</rows>
  <cols>3</cols>
  <dt>d</dt>
  <data>
    4.8304490629058427e+02 0. 322. 0. 4.8304490629058427e+02 243. 0. 0.
    1.</data></CameraMatrix>
<DistortionCoeffs type_id="opencv-matrix">
  <rows>5</rows>
  <cols>1</cols>
  <dt>d</dt>
  <data>
    -3.7764939796278191e-01 1.8082820227338112e-01 0. 0.
    -8.7955357531451525e-04</data></DistortionCoeffs>
</opencv_storage>
