<?xml version="1.0"?>
<opencv_storage>
<CornersAmount>48</CornersAmount>
<Corner_0>
  272 398</Corner_0>
<Corner_1>
  276 405</Corner_1>
<Corner_2>
  277 411</Corner_2>
<Corner_3>
  280 418</Corner_3>
<Corner_4>
  283 425</Corner_4>
<Corner_5>
  285 432</Corner_5>
<Corner_6>
  289 441</Corner_6>
<Corner_7>
  292 450</Corner_7>
<Corner_8>
  257 400</Corner_8>
<Corner_9>
  258 406</Corner_9>
<Corner_10>
  261 412</Corner_10>
<Corner_11>
  262 419</Corner_11>
<Corner_12>
  265 426</Corner_12>
<Corner_13>
  267 434</Corner_13>
<Corner_14>
  269 443</Corner_14>
<Corner_15>
  273 452</Corner_15>
<Corner_16>
  241 400</Corner_16>
<Corner_17>
  242 407</Corner_17>
<Corner_18>
  245 413</Corner_18>
<Corner_19>
  245 421</Corner_19>
<Corner_20>
  247 428</Corner_20>
<Corner_21>
  249 436</Corner_21>
<Corner_22>
  250 444</Corner_22>
<Corner_23>
  252 453</Corner_23>
<Corner_24>
  225 402</Corner_24>
<Corner_25>
  226 408</Corner_25>
<Corner_26>
  227 415</Corner_26>
<Corner_27>
  227 421</Corner_27>
<Corner_28>
  228 428</Corner_28>
<Corner_29>
  230 437</Corner_29>
<Corner_30>
  231 445</Corner_30>
<Corner_31>
  233 455</Corner_31>
<Corner_32>
  208 402</Corner_32>
<Corner_33>
  209 409</Corner_33>
<Corner_34>
  209 416</Corner_34>
<Corner_35>
  209 423</Corner_35>
<Corner_36>
  210 431</Corner_36>
<Corner_37>
  210 438</Corner_37>
<Corner_38>
  211 447</Corner_38>
<Corner_39>
  211 456</Corner_39>
<Corner_40>
  193 404</Corner_40>
<Corner_41>
  193 410</Corner_41>
<Corner_42>
  192 416</Corner_42>
<Corner_43>
  192 423</Corner_43>
<Corner_44>
  191 431</Corner_44>
<Corner_45>
  191 440</Corner_45>
<Corner_46>
  191 447</Corner_46>
<Corner_47>
  191 457</Corner_47>
</opencv_storage>
