<?xml version="1.0"?>
<opencv_storage>
<CornersAmount>48</CornersAmount>
<Corner_0>
  272 397</Corner_0>
<Corner_1>
  275 405</Corner_1>
<Corner_2>
  277 411</Corner_2>
<Corner_3>
  280 418</Corner_3>
<Corner_4>
  282 424</Corner_4>
<Corner_5>
  286 432</Corner_5>
<Corner_6>
  289 440</Corner_6>
<Corner_7>
  292 450</Corner_7>
<Corner_8>
  257 399</Corner_8>
<Corner_9>
  258 406</Corner_9>
<Corner_10>
  261 413</Corner_10>
<Corner_11>
  263 420</Corner_11>
<Corner_12>
  266 426</Corner_12>
<Corner_13>
  267 433</Corner_13>
<Corner_14>
  270 442</Corner_14>
<Corner_15>
  272 451</Corner_15>
<Corner_16>
  241 401</Corner_16>
<Corner_17>
  242 407</Corner_17>
<Corner_18>
  243 413</Corner_18>
<Corner_19>
  244 420</Corner_19>
<Corner_20>
  246 427</Corner_20>
<Corner_21>
  248 435</Corner_21>
<Corner_22>
  250 443</Corner_22>
<Corner_23>
  252 453</Corner_23>
<Corner_24>
  225 401</Corner_24>
<Corner_25>
  225 408</Corner_25>
<Corner_26>
  226 415</Corner_26>
<Corner_27>
  227 420</Corner_27>
<Corner_28>
  228 428</Corner_28>
<Corner_29>
  229 436</Corner_29>
<Corner_30>
  231 445</Corner_30>
<Corner_31>
  232 454</Corner_31>
<Corner_32>
  208 402</Corner_32>
<Corner_33>
  209 408</Corner_33>
<Corner_34>
  210 416</Corner_34>
<Corner_35>
  210 422</Corner_35>
<Corner_36>
  210 430</Corner_36>
<Corner_37>
  211 438</Corner_37>
<Corner_38>
  212 446</Corner_38>
<Corner_39>
  212 455</Corner_39>
<Corner_40>
  193 404</Corner_40>
<Corner_41>
  192 410</Corner_41>
<Corner_42>
  192 416</Corner_42>
<Corner_43>
  192 423</Corner_43>
<Corner_44>
  192 430</Corner_44>
<Corner_45>
  192 439</Corner_45>
<Corner_46>
  191 447</Corner_46>
<Corner_47>
  191 457</Corner_47>
</opencv_storage>
