<?xml version="1.0"?>
<opencv_storage>
<CameraMatrix type_id="opencv-matrix">
  <rows>3</rows>
  <cols>3</cols>
  <dt>d</dt>
  <data>
    4.7458253753414311e+02 0. 322. 0. 4.7458253753414311e+02 243. 0. 0.
    1.</data></CameraMatrix>
<DistortionCoeffs type_id="opencv-matrix">
  <rows>5</rows>
  <cols>1</cols>
  <dt>d</dt>
  <data>
    -3.3857100607261081e-01 1.5525978848073482e-01 0. 0.
    -4.0890129440570064e-02</data></DistortionCoeffs>
</opencv_storage>
