<?xml version="1.0"?>
<opencv_storage>
<CornersAmount>48</CornersAmount>
<Corner_0>
  388 340</Corner_0>
<Corner_1>
  376 336</Corner_1>
<Corner_2>
  365 334</Corner_2>
<Corner_3>
  353 329</Corner_3>
<Corner_4>
  343 326</Corner_4>
<Corner_5>
  332 324</Corner_5>
<Corner_6>
  322 321</Corner_6>
<Corner_7>
  314 317</Corner_7>
<Corner_8>
  395 336</Corner_8>
<Corner_9>
  385 333</Corner_9>
<Corner_10>
  374 329</Corner_10>
<Corner_11>
  363 326</Corner_11>
<Corner_12>
  353 323</Corner_12>
<Corner_13>
  342 319</Corner_13>
<Corner_14>
  332 316</Corner_14>
<Corner_15>
  323 314</Corner_15>
<Corner_16>
  405 333</Corner_16>
<Corner_17>
  394 329</Corner_17>
<Corner_18>
  382 325</Corner_18>
<Corner_19>
  372 323</Corner_19>
<Corner_20>
  361 319</Corner_20>
<Corner_21>
  351 316</Corner_21>
<Corner_22>
  341 313</Corner_22>
<Corner_23>
  332 311</Corner_23>
<Corner_24>
  415 328</Corner_24>
<Corner_25>
  403 325</Corner_25>
<Corner_26>
  390 322</Corner_26>
<Corner_27>
  380 318</Corner_27>
<Corner_28>
  369 316</Corner_28>
<Corner_29>
  360 313</Corner_29>
<Corner_30>
  351 310</Corner_30>
<Corner_31>
  341 307</Corner_31>
<Corner_32>
  422 325</Corner_32>
<Corner_33>
  411 322</Corner_33>
<Corner_34>
  399 318</Corner_34>
<Corner_35>
  389 315</Corner_35>
<Corner_36>
  379 313</Corner_36>
<Corner_37>
  368 310</Corner_37>
<Corner_38>
  359 306</Corner_38>
<Corner_39>
  349 304</Corner_39>
<Corner_40>
  432 321</Corner_40>
<Corner_41>
  419 318</Corner_41>
<Corner_42>
  407 315</Corner_42>
<Corner_43>
  397 312</Corner_43>
<Corner_44>
  386 310</Corner_44>
<Corner_45>
  377 307</Corner_45>
<Corner_46>
  366 304</Corner_46>
<Corner_47>
  358 302</Corner_47>
</opencv_storage>
