<?xml version="1.0"?>
<opencv_storage>
<CornersAmount>48</CornersAmount>
<Corner_0>
  327 372</Corner_0>
<Corner_1>
  316 364</Corner_1>
<Corner_2>
  307 357</Corner_2>
<Corner_3>
  295 351</Corner_3>
<Corner_4>
  287 345</Corner_4>
<Corner_5>
  277 340</Corner_5>
<Corner_6>
  269 333</Corner_6>
<Corner_7>
  261 328</Corner_7>
<Corner_8>
  339 365</Corner_8>
<Corner_9>
  328 358</Corner_9>
<Corner_10>
  318 352</Corner_10>
<Corner_11>
  308 346</Corner_11>
<Corner_12>
  298 340</Corner_12>
<Corner_13>
  289 334</Corner_13>
<Corner_14>
  281 329</Corner_14>
<Corner_15>
  272 323</Corner_15>
<Corner_16>
  351 359</Corner_16>
<Corner_17>
  340 353</Corner_17>
<Corner_18>
  330 346</Corner_18>
<Corner_19>
  320 340</Corner_19>
<Corner_20>
  311 335</Corner_20>
<Corner_21>
  300 329</Corner_21>
<Corner_22>
  292 323</Corner_22>
<Corner_23>
  284 319</Corner_23>
<Corner_24>
  363 353</Corner_24>
<Corner_25>
  352 345</Corner_25>
<Corner_26>
  341 340</Corner_26>
<Corner_27>
  331 335</Corner_27>
<Corner_28>
  321 329</Corner_28>
<Corner_29>
  313 324</Corner_29>
<Corner_30>
  303 319</Corner_30>
<Corner_31>
  295 314</Corner_31>
<Corner_32>
  374 347</Corner_32>
<Corner_33>
  362 341</Corner_33>
<Corner_34>
  352 335</Corner_34>
<Corner_35>
  342 331</Corner_35>
<Corner_36>
  332 325</Corner_36>
<Corner_37>
  322 320</Corner_37>
<Corner_38>
  314 314</Corner_38>
<Corner_39>
  305 310</Corner_39>
<Corner_40>
  385 341</Corner_40>
<Corner_41>
  373 335</Corner_41>
<Corner_42>
  362 331</Corner_42>
<Corner_43>
  353 325</Corner_43>
<Corner_44>
  343 320</Corner_44>
<Corner_45>
  333 315</Corner_45>
<Corner_46>
  324 311</Corner_46>
<Corner_47>
  316 306</Corner_47>
</opencv_storage>
