<?xml version="1.0"?>
<opencv_storage>
<CornersAmount>48</CornersAmount>
<Corner_0>
  409 447</Corner_0>
<Corner_1>
  391 447</Corner_1>
<Corner_2>
  374 447</Corner_2>
<Corner_3>
  356 447</Corner_3>
<Corner_4>
  340 447</Corner_4>
<Corner_5>
  323 447</Corner_5>
<Corner_6>
  305 446</Corner_6>
<Corner_7>
  287 446</Corner_7>
<Corner_8>
  407 438</Corner_8>
<Corner_9>
  389 439</Corner_9>
<Corner_10>
  373 440</Corner_10>
<Corner_11>
  356 440</Corner_11>
<Corner_12>
  341 440</Corner_12>
<Corner_13>
  324 440</Corner_13>
<Corner_14>
  307 440</Corner_14>
<Corner_15>
  290 439</Corner_15>
<Corner_16>
  404 433</Corner_16>
<Corner_17>
  389 433</Corner_17>
<Corner_18>
  372 433</Corner_18>
<Corner_19>
  357 433</Corner_19>
<Corner_20>
  341 433</Corner_20>
<Corner_21>
  324 434</Corner_21>
<Corner_22>
  309 434</Corner_22>
<Corner_23>
  292 433</Corner_23>
<Corner_24>
  403 426</Corner_24>
<Corner_25>
  386 427</Corner_25>
<Corner_26>
  372 427</Corner_26>
<Corner_27>
  356 428</Corner_27>
<Corner_28>
  341 428</Corner_28>
<Corner_29>
  325 428</Corner_29>
<Corner_30>
  309 427</Corner_30>
<Corner_31>
  294 426</Corner_31>
<Corner_32>
  401 421</Corner_32>
<Corner_33>
  386 422</Corner_33>
<Corner_34>
  371 423</Corner_34>
<Corner_35>
  356 422</Corner_35>
<Corner_36>
  341 423</Corner_36>
<Corner_37>
  326 423</Corner_37>
<Corner_38>
  310 422</Corner_38>
<Corner_39>
  296 421</Corner_39>
<Corner_40>
  400 416</Corner_40>
<Corner_41>
  386 416</Corner_41>
<Corner_42>
  370 416</Corner_42>
<Corner_43>
  356 416</Corner_43>
<Corner_44>
  341 416</Corner_44>
<Corner_45>
  327 416</Corner_45>
<Corner_46>
  313 415</Corner_46>
<Corner_47>
  297 415</Corner_47>
</opencv_storage>
