<?xml version="1.0"?>
<opencv_storage>
<CornersAmount>48</CornersAmount>
<Corner_0>
  191 458</Corner_0>
<Corner_1>
  191 447</Corner_1>
<Corner_2>
  191 438</Corner_2>
<Corner_3>
  191 431</Corner_3>
<Corner_4>
  192 423</Corner_4>
<Corner_5>
  192 416</Corner_5>
<Corner_6>
  193 410</Corner_6>
<Corner_7>
  193 403</Corner_7>
<Corner_8>
  213 458</Corner_8>
<Corner_9>
  211 446</Corner_9>
<Corner_10>
  211 438</Corner_10>
<Corner_11>
  210 431</Corner_11>
<Corner_12>
  210 422</Corner_12>
<Corner_13>
  210 414</Corner_13>
<Corner_14>
  209 408</Corner_14>
<Corner_15>
  210 402</Corner_15>
<Corner_16>
  233 455</Corner_16>
<Corner_17>
  230 445</Corner_17>
<Corner_18>
  229 436</Corner_18>
<Corner_19>
  228 428</Corner_19>
<Corner_20>
  227 421</Corner_20>
<Corner_21>
  226 415</Corner_21>
<Corner_22>
  226 407</Corner_22>
<Corner_23>
  224 401</Corner_23>
<Corner_24>
  252 454</Corner_24>
<Corner_25>
  251 444</Corner_25>
<Corner_26>
  248 436</Corner_26>
<Corner_27>
  247 427</Corner_27>
<Corner_28>
  245 419</Corner_28>
<Corner_29>
  243 412</Corner_29>
<Corner_30>
  242 406</Corner_30>
<Corner_31>
  241 401</Corner_31>
<Corner_32>
  273 452</Corner_32>
<Corner_33>
  271 442</Corner_33>
<Corner_34>
  267 435</Corner_34>
<Corner_35>
  265 425</Corner_35>
<Corner_36>
  262 418</Corner_36>
<Corner_37>
  260 412</Corner_37>
<Corner_38>
  258 406</Corner_38>
<Corner_39>
  257 400</Corner_39>
<Corner_40>
  293 449</Corner_40>
<Corner_41>
  290 440</Corner_41>
<Corner_42>
  286 432</Corner_42>
<Corner_43>
  284 425</Corner_43>
<Corner_44>
  280 418</Corner_44>
<Corner_45>
  278 411</Corner_45>
<Corner_46>
  275 404</Corner_46>
<Corner_47>
  274 398</Corner_47>
</opencv_storage>
