<?xml version="1.0"?>
<opencv_storage>
<CameraMatrix type_id="opencv-matrix">
  <rows>3</rows>
  <cols>3</cols>
  <dt>d</dt>
  <data>
    4.9725383574710816e+02 0. 322. 0. 4.9725383574710816e+02 243. 0. 0.
    1.</data></CameraMatrix>
<DistortionCoeffs type_id="opencv-matrix">
  <rows>5</rows>
  <cols>1</cols>
  <dt>d</dt>
  <data>
    -4.0021548753559211e-01 2.7692054586875881e-01 0. 0.
    -1.5550084925609517e-01</data></DistortionCoeffs>
</opencv_storage>
